6.73908
6.73904
6.73904
6.73911
6.73911
6.73902
86.1361
86.136
86.1361
86.1361
86.1362
86.1362
62.7673
62.7673
62.7673
62.7673
62.7673
62.7673
355.667
355.667
355.667
355.667
355.667
355.667
75.4128
75.4128
75.4128
75.4128
75.4128
75.4128
521.781
521.781
521.781
521.781
521.781
521.781
550.17
550.17
550.17
550.17
550.17
550.17
116.699
116.699
116.699
116.699
116.699
116.699
25.347
25.3471
25.347
25.3471
25.3471
25.3471
23.2868
23.2868
23.2868
23.2868
23.2868
23.2868
121.488
121.488
121.488
121.488
121.488
121.488
124.228
124.228
124.228
124.228
124.228
124.228
245.336
245.336
245.336
245.336
245.336
245.336
248.764
248.764
248.764
248.764
248.764
248.764
272.384
272.384
272.384
272.384
272.384
272.384
1122.13
1122.13
1122.13
1122.13
1122.13
1122.13
256.118
256.118
256.118
256.118
256.118
256.118
268.682
268.682
268.682
268.682
268.682
268.682
265.246
265.246
265.246
265.246
265.246
265.246
99.7022
99.7022
99.7022
99.7022
99.7023
99.7023
390.037
390.037
390.037
390.037
390.037
390.037
414.318
414.318
414.318
414.318
414.318
414.318
426.683
426.683
426.683
426.683
426.683
426.683
364.985
364.985
364.985
364.985
364.985
364.985
535.825
535.825
535.825
535.825
535.825
535.825
422.425
422.426
422.426
422.426
422.426
422.426
379.897
379.897
379.897
379.897
379.897
379.897
330.095
330.095
330.095
330.095
330.095
330.095
404.451
404.451
404.451
404.451
404.451
404.451
322.061
322.061
322.061
322.061
322.061
322.061
63.4553
63.4552
63.4553
63.4553
63.4553
63.4553
1851.56
1851.56
1851.56
1851.56
1851.56
1851.56
2602.19
2602.19
2602.19
2602.19
2602.19
2602.19
0.11273
0.112733
0.112727
0.112728
0.11368
0.11368
0.0657296
0.0657439
0.0657457
0.0670739
0.0671464
0.0671464
0.0594205
0.0594275
0.0594204
0.0594215
0.0594174
0.0594275
0.067047
0.0670534
0.0670492
0.0670689
0.0682054
0.0682054
1613.38
1613.38
1613.38
1613.38
1613.38
1613.38
0.379161
0.379284
0.379276
0.379302
0.379302
0.379282
0.126062
0.126072
0.127445
0.127976
0.128607
0.128607
