1.2917
1.29139
1.29175
1.29174
1.29207
1.29173
1.29171
1.29207
1.2917
1.29177
1.29167
1.29145
1.29133
1.29555
1.29178
1.29555
3.61926
3.61931
3.61927
3.61929
3.61941
3.61919
3.61955
3.61922
3.61952
3.61926
3.61959
3.61929
3.61937
3.61959
3.61931
3.61937
1.41312
1.41316
1.41319
1.41316
1.4132
1.41342
1.41346
1.4132
1.41502
1.41504
1.41544
1.41546
1.41232
1.41231
1.4123
1.41546
1.60787
1.60789
1.60793
1.60789
1.60782
1.60762
1.60795
1.60755
1.60795
1.60866
1.61057
1.61057
1.61057
1.61078
1.61078
1.61062
16.5219
16.5219
16.5205
16.5219
16.5219
16.5205
16.5219
16.5223
16.5224
16.525
16.5219
16.525
16.5251
16.5237
16.5223
16.5251
1.40709
1.40709
1.40715
1.40672
1.40716
1.40633
1.4074
1.4072
1.40705
1.40923
1.40668
1.40667
1.40676
1.40716
1.40716
1.40923
1.22444
1.22447
1.22447
1.22448
1.22474
1.22475
1.224
1.22401
1.22398
1.22683
1.22397
1.22404
1.22728
1.22394
1.22397
1.22728
1.30063
1.30028
1.30033
1.30045
1.30067
1.30083
1.3007
1.30249
1.3025
1.30093
1.30251
1.30251
1.30092
1.30066
1.30019
1.30251
1.5024
1.49045
1.50243
1.49079
1.50244
1.50246
1.48935
1.49052
1.50176
1.50509
1.50513
1.49361
1.50295
1.49362
1.49364
1.50513
1.30685
1.30685
1.30677
1.3072
1.3073
1.30731
1.30695
1.30725
1.30731
1.30973
1.31002
1.30984
1.31024
1.3103
1.30883
1.3103
1.59835
1.59839
1.59838
1.59841
1.598
1.59844
1.59833
1.59792
1.59805
1.6011
1.60109
1.60117
1.60061
1.59796
1.59792
1.60117
2.80217
