13.3284
13.3255
13.3288
13.3287
13.3288
13.3291
13.3257
13.3212
13.3258
13.3287
13.3318
13.3233
13.3301
13.3258
13.3283
13.3318
2.21396
2.21394
2.21399
2.21402
2.21375
2.21347
2.21408
2.21398
2.21381
2.21402
2.21372
2.21439
2.21441
2.214
2.2134
2.21441
2.29805
2.29834
2.29834
2.2984
2.29844
2.29817
2.29866
2.29868
2.29868
2.30087
2.2985
2.30104
2.29836
2.30079
2.30112
2.30112
2.67954
2.67959
2.67974
2.68
2.67995
2.67999
2.68
2.68009
2.68011
2.6801
2.67983
2.68004
2.67963
2.68282
2.67972
2.68282
2.18069
2.1807
2.18073
2.18106
2.18111
2.18113
2.18071
2.18085
2.18121
2.18108
2.18074
2.18053
2.18061
2.18112
2.18039
2.18121
2.1085
2.10856
2.10828
2.10857
2.10833
2.10864
2.10871
2.10835
2.10857
2.10899
2.10887
2.1087
2.11124
2.11151
2.1114
2.11151
2.16928
2.16932
2.16934
2.16936
2.16941
2.16939
2.16946
2.16853
2.16859
2.16949
2.16856
2.16839
2.16828
2.16856
2.16859
2.16949
