17.1395
17.1395
17.1399
17.1394
17.1391
17.1391
17.1396
17.1397
17.1397
17.1396
17.1399
17.1397
17.1397
17.1393
17.1397
17.1399
4.31172
4.31174
4.31145
4.31173
4.31181
4.31193
4.31197
4.31193
4.31207
4.31205
4.31406
4.31206
4.31514
4.31208
4.31204
4.31514
4.48643
4.48645
4.48717
4.48718
4.48718
4.48632
4.4865
4.48715
4.4901
4.49012
4.49015
4.48833
4.48833
4.48715
4.49001
4.49015
4.54008
4.5401
4.5401
4.53972
4.53975
4.54007
4.53971
4.5401
4.54007
4.54011
4.54009
4.54129
4.54338
4.54373
4.54341
4.54373
3.04796
2.95133
2.89757
97.5187
96.6011
2.98265
9.81309
4.11544
4.04552
4.05616
4.58719
4.04669
4.3839
4.1715
4.20635
4.05261
4.49154
4.05354
19.2018
19.2018
19.2022
19.2018
19.2019
19.2022
19.1981
19.2022
19.1978
19.1981
19.1981
19.1981
19.1981
19.2054
19.1981
19.2054
160.855
4.09652
4.08558
4.32066
4.56851
4.05525
4.04051
4.22554
4.06462
4.02709
4.31793
4.14339
4.0606
4.42619
4.44701
4.3858
4.04431
4.13527
4.35899
4.0966
4.36576
4.09263
4.23367
4.54341
4.16216
4.11613
4.18697
4.51565
4.4815
4.37075
4.61275
14.1243
4.60829
4.68787
4.73531
4.77088
4.79095
2.92967
2.86705
3.28391
2.87168
3.20047
0.539061
3.00612
3.0226
3.93982
