1263.95
1263.95
1263.95
1263.95
1263.95
1263.95
1263.95
1263.95
1263.95
1263.95
1263.95
1263.95
1263.95
1263.95
1263.95
1263.95
64.6104
64.6094
64.6082
64.6106
64.6096
64.6114
64.6114
64.6103
64.6114
64.6114
64.6114
64.6114
64.6104
64.6104
64.6095
64.6114
193.482
193.482
193.482
193.481
193.48
193.482
193.481
193.482
193.482
193.481
193.481
193.481
193.481
193.486
193.48
193.486
242.909
242.904
242.909
242.909
242.909
242.909
242.907
242.912
242.91
242.91
242.909
242.909
242.909
242.912
242.909
242.912
433.415
433.415
433.415
433.413
433.416
433.415
433.414
433.413
433.417
433.419
433.419
433.418
433.415
433.419
433.413
433.415
995.05
995.057
995.057
995.05
995.055
995.055
995.057
995.057
995.057
995.057
995.057
995.057
995.061
995.057
995.055
995.061
347.355
347.355
347.355
347.356
347.355
347.356
347.355
347.356
347.356
347.355
347.354
347.355
347.355
347.355
347.356
347.355
3095.14
3095.14
3095.14
3095.14
3095.14
3095.14
3095.14
3095.14
3095.14
3095.14
3095.14
3095.14
3095.14
3095.14
3095.14
3095.14
